...Computing accuracy.
2450790 pairs in total
-----------------------------
th_dist	wrong_reject	p_wr	wrong_accept	p_wa
0.3	52	1.10756123536	1521867	62.2161853894
0.31	55	1.17145899894	1444136	59.0384265533
0.32	60	1.27795527157	1364648	55.7888389453
0.33	64	1.36315228967	1283547	52.4733094994
0.34	66	1.40575079872	1201355	49.1131783516
0.35	73	1.5548455804	1119678	45.7741011694
0.36	81	1.72523961661	1038169	42.441892077
0.37	85	1.81043663472	957469	39.1427561072
0.38	96	2.0447284345	878259	35.9045335525
0.39	99	2.10862619808	801093	32.7498727564
0.4	112	2.38551650692	726140	29.6856826902
0.41	126	2.68370607029	654068	26.7392721869
0.42	139	2.96059637913	585518	23.9368462795
0.43	159	3.38658146965	520336	21.272109219
0.44	195	4.15335463259	459346	18.7787473504
0.45	237	5.04792332268	402181	16.4417571681
0.46	288	6.13418530351	350148	14.3145707751
0.47	339	7.22044728435	301597	12.3297337184
0.48	399	8.49840255591	257753	10.5373258193
0.49	462	9.84025559105	218602	8.93677473688
0.5	536	11.416400426	183443	7.499422549
0.51	632	13.4611288605	152326	6.22731333002
0.52	739	15.7401490948	125683	5.13810788216
0.53	843	17.9552715655	102367	4.18491514025
0.54	974	20.7454739084	82475	3.37170060852
0.55	1092	23.2587859425	65618	2.68256138866
0.56	1234	26.2832800852	51545	2.10723622754
0.57	1393	29.6698615548	40161	1.64184138392
0.58	1549	32.9925452609	30537	1.24839795674
0.59	1735	36.9542066028	22948	0.938148354827
0.6	1895	40.3620873269	17119	0.699850169352
0.61	2073	44.1533546326	12605	0.515311138774
0.62	2277	48.4984025559	9172	0.374964995227
0.63	2492	53.077742279	6424	0.262622670011
0.64	2690	57.2949946752	4440	0.181513800568
0.65	2883	61.4057507987	3008	0.122971511736
0.66	3083	65.6656017039	2030	0.0829894178272
0.67	3274	69.7337593184	1305	0.0533503400318
0.68	3454	73.5676251331	842	0.0344222117293
0.69	3622	77.1458998935	486	0.0198684024946
