...Computing accuracy.
443778 pairs in total
-----------------------------
th_dist	wrong_reject	p_wr	wrong_accept	p_wa
0.3	23	1.15057528764	163964	37.1144848442
0.31	24	1.20060030015	150604	34.0903483416
0.32	25	1.25062531266	137470	31.1173686391
0.33	31	1.55077538769	125007	28.2962748342
0.34	33	1.65082541271	112987	25.575457412
0.35	35	1.75087543772	101493	22.9737040466
0.36	37	1.85092546273	90722	20.5356071701
0.37	39	1.95097548774	80621	18.2491698338
0.38	41	2.05102551276	71173	16.1105439598
0.39	46	2.30115057529	62314	14.1052426666
0.4	49	2.45122561281	54419	12.3181500252
0.41	52	2.60130065033	47101	10.6616656745
0.42	55	2.75137568784	40487	9.16453701964
0.43	62	3.10155077539	34658	7.8450990201
0.44	71	3.55177588794	29354	6.64449871995
0.45	83	4.15207603802	24593	5.5668105546
0.46	94	4.70235117559	20440	4.62674776302
0.47	112	5.6028014007	16837	3.8111816089
0.48	124	6.20310155078	13824	3.12916639315
0.49	139	6.95347673837	11187	2.53226160592
0.5	158	7.90395197599	8933	2.02205174986
0.51	184	9.20460230115	7046	1.59491510461
0.52	210	10.5052526263	5501	1.24519273211
0.53	240	12.0060030015	4190	0.948438019915
0.54	282	14.1070535268	3222	0.729323937987
0.55	321	16.0580290145	2394	0.541899909231
0.56	376	18.8094047024	1770	0.400652815095
0.57	439	21.9609804902	1269	0.287247696246
0.58	506	25.3126563282	892	0.201910910206
0.59	587	29.3646823412	633	0.143284311839
0.6	671	33.5667833917	428	0.0968810196954
0.61	750	37.5187593797	295	0.0667754691826
0.62	838	41.9209604802	190	0.043007929304
0.63	925	46.2731365683	123	0.0278419752863
0.64	1003	50.1750875438	88	0.0199194619934
0.65	1090	54.5272636318	57	0.0129023787912
0.66	1175	58.7793896948	30	0.00679072567958
0.67	1274	63.731865933	22	0.00497986549836
0.68	1375	68.7843921961	14	0.00316900531714
0.69	1443	72.1860930465	8	0.00181086018122
