...Computing accuracy.
443778 pairs in total
-----------------------------
th_dist	wrong_reject	p_wr	wrong_accept	p_wa
0.3	8	0.40020010005	275395	62.3377299509
0.31	8	0.40020010005	261215	59.1279802797
0.32	8	0.40020010005	246561	55.8109371428
0.33	10	0.500250125063	231630	52.4311929721
0.34	14	0.700350175088	216394	48.9824097569
0.35	14	0.700350175088	201396	45.5874996322
0.36	15	0.750375187594	186405	42.1941740101
0.37	19	0.950475237619	171345	38.7852297189
0.38	24	1.20060030015	156692	35.4684129395
0.39	25	1.25062531266	142186	32.1848707159
0.4	28	1.40070035018	128455	29.0767555724
0.41	29	1.45072536268	115252	26.0881572008
0.42	32	1.6008004002	102641	23.2335624826
0.43	34	1.70085042521	90798	20.5528103418
0.44	38	1.90095047524	79458	17.9859160349
0.45	45	2.25112556278	69062	15.6327032294
0.46	57	2.85142571286	59585	13.4875129873
0.47	64	3.2016008004	51060	11.5578151066
0.48	75	3.75187593797	43238	9.78724656446
0.49	95	4.75237618809	36433	8.24688362281
0.5	106	5.30265132566	30261	6.84980499299
0.51	118	5.90295147574	24877	5.63109609103
0.52	139	6.95347673837	20161	4.5635940142
0.53	166	8.30415207604	16151	3.65590034836
0.54	189	9.45472736368	12830	2.90416701563
0.55	221	11.0555277639	10075	2.28055204073
0.56	243	12.156078039	7739	1.75178086781
0.57	290	14.5072536268	5792	1.3110627712
0.58	343	17.1585792896	4336	0.981486218222
0.59	397	19.859929965	3218	0.728418507896
0.6	454	22.7113556778	2321	0.525375810077
0.61	514	25.7128564282	1610	0.364435611471
0.62	579	28.9644822411	1094	0.247635129782
0.63	641	32.0660330165	748	0.169315426944
0.64	712	35.6178089045	502	0.113631476372
0.65	796	39.819909955	309	0.0699444744997
0.66	882	44.1220610305	207	0.0468560071891
0.67	970	48.5242621311	129	0.0292001204222
0.68	1068	53.4267133567	77	0.0174295292443
0.69	1186	59.3296648324	56	0.0126760212686
