...Computing accuracy.
443778 pairs in total
-----------------------------
th_dist	wrong_reject	p_wr	wrong_accept	p_wa
0.3	9	0.450225112556	278600	63.0632058111
0.31	9	0.450225112556	264684	59.9132145258
0.32	11	0.550275137569	250302	56.657740635
0.33	12	0.600300150075	235527	53.3133082378
0.34	14	0.700350175088	220472	49.9054957343
0.35	16	0.8004002001	205542	46.5259779211
0.36	17	0.850425212606	190395	43.0973405255
0.37	20	1.00050025013	175418	39.7071839087
0.38	21	1.05052526263	160689	36.3731639575
0.39	23	1.15057528764	146356	33.1287815854
0.4	25	1.25062531266	132289	29.9446103142
0.41	28	1.40070035018	118844	26.9012334221
0.42	32	1.6008004002	105930	23.9780523746
0.43	36	1.80090045023	93908	21.2567822373
0.44	44	2.20110055028	82366	18.6441637108
0.45	55	2.75137568784	71858	16.2655988628
0.46	61	3.05152576288	62337	14.1104488896
0.47	70	3.50175087544	53692	12.1535881063
0.48	85	4.25212606303	45739	10.3533667286
0.49	97	4.85242621311	38468	8.70752118141
0.5	112	5.6028014007	32109	7.26811369486
0.51	137	6.85342671336	26530	6.00526507598
0.52	156	7.80390195098	21672	4.90562023093
0.53	175	8.75437718859	17511	3.96374657917
0.54	203	10.1550775388	14067	3.18417127116
0.55	237	11.855927964	11051	2.50147698284
0.56	283	14.1570785393	8562	1.93807310895
0.57	321	16.0580290145	6599	1.49373329199
0.58	370	18.5092546273	4945	1.11933794952
0.59	431	21.5607803902	3697	0.836843761247
0.6	484	24.212106053	2674	0.605280015573
0.61	539	26.9634817409	1884	0.426457572678
0.62	606	30.3151575788	1319	0.298565572379
0.63	667	33.3666833417	887	0.200779122593
0.64	741	37.0685342671	598	0.135361798546
0.65	817	40.8704352176	397	0.0898639364931
0.66	912	45.6228114057	241	0.0545521629593
0.67	1006	50.3251625813	158	0.0357644885791
0.68	1090	54.5272636318	104	0.0235411823559
0.69	1187	59.3796898449	65	0.0147132389724
