...Computing accuracy.
443778 pairs in total
-----------------------------
th_dist	wrong_reject	p_wr	wrong_accept	p_wa
0.3	8	0.40020010005	277153	62.7356664758
0.31	8	0.40020010005	262994	59.5306703125
0.32	9	0.450225112556	248573	56.2663684784
0.33	12	0.600300150075	233767	52.914918998
0.34	14	0.700350175088	218868	49.542418268
0.35	15	0.750375187594	203743	46.1187607378
0.36	17	0.850425212606	188636	42.6991776431
0.37	20	1.00050025013	173721	39.3230551928
0.38	21	1.05052526263	159019	35.9951468947
0.39	25	1.25062531266	144725	32.7595924659
0.4	26	1.30065032516	130790	29.6053003878
0.41	31	1.55077538769	117484	26.5933871913
0.42	33	1.65082541271	104730	23.7064233474
0.43	35	1.75087543772	92562	20.9521050118
0.44	46	2.30115057529	81337	18.41124182
0.45	59	2.95147573787	71076	16.0885872801
0.46	64	3.2016008004	61395	13.8972201033
0.47	73	3.65182591296	52635	11.9143282048
0.48	85	4.25212606303	44717	10.1220293405
0.49	101	5.05252626313	37814	8.55948336159
0.5	119	5.95297648824	31525	7.13592090163
0.51	135	6.75337668834	25967	5.87782579072
0.52	152	7.60380190095	21195	4.79764769262
0.53	172	8.60430215108	17117	3.87456171525
0.54	201	10.0550275138	13622	3.08344217358
0.55	236	11.8059029515	10678	2.41704562689
0.56	273	13.6568284142	8296	1.87786200793
0.57	316	15.807903952	6331	1.43306947591
0.58	366	18.3091545773	4739	1.07270829985
0.59	412	20.6103051526	3503	0.792930401853
0.6	466	23.3116558279	2538	0.574495392493
0.61	526	26.3131565783	1801	0.407669898298
0.62	582	29.1145572786	1245	0.281815115703
0.63	652	32.6163081541	827	0.187197671234
0.64	726	36.3181590795	544	0.123138492323
0.65	803	40.1700850425	347	0.0785460603605
0.66	880	44.0220110055	238	0.0538730903913
0.67	975	48.7743871936	138	0.0312373381261
0.68	1068	53.4267133567	91	0.0205985345614
0.69	1181	59.0795397699	64	0.0144868814498
