...Computing accuracy.
443778 pairs in total
-----------------------------
th_dist	wrong_reject	p_wr	wrong_accept	p_wa
0.3	10	0.500250125063	280273	63.4419019464
0.31	10	0.500250125063	266500	60.324279787
0.32	10	0.500250125063	252399	57.13241236
0.33	11	0.550275137569	238292	53.939186788
0.34	13	0.650325162581	223798	50.6583608546
0.35	16	0.8004002001	208908	47.2878973423
0.36	19	0.950475237619	194295	43.9801348638
0.37	22	1.10055027514	179595	40.6526792808
0.38	22	1.10055027514	164807	37.3053042358
0.39	26	1.30065032516	150665	34.1041561505
0.4	27	1.35067533767	136758	30.9562020829
0.41	34	1.70085042521	123288	27.9071662528
0.42	39	1.95097548774	110636	25.0432908762
0.43	42	2.10105052526	98594	22.3174935884
0.44	50	2.50125062531	87160	19.7293216744
0.45	55	2.75137568784	76365	17.2857922174
0.46	60	3.00150075038	66454	15.0423628104
0.47	65	3.25162581291	57624	13.0436258853
0.48	80	4.0020010005	49264	11.151276996
0.49	93	4.65232616308	41903	9.48505927172
0.5	108	5.40270135068	35270	7.98362982396
0.51	127	6.35317658829	29452	6.66668175717
0.52	146	7.30365182591	24303	5.50116687303
0.53	169	8.45422711356	19866	4.49681854502
0.54	211	10.5552776388	16049	3.63281188105
0.55	234	11.7058529265	12752	2.88651112887
0.56	273	13.6568284142	10005	2.26470701414
0.57	308	15.4077038519	7727	1.74906457754
0.58	354	17.7088544272	5953	1.34750633235
0.59	413	20.6603301651	4521	1.02336235991
0.6	467	23.3616808404	3331	0.753996907956
0.61	538	26.9134567284	2413	0.546200702161
0.62	596	29.8149074537	1697	0.384128715942
0.63	660	33.0165082541	1193	0.270044524525
0.64	731	36.5682841421	821	0.185839526098
0.65	802	40.12006003	553	0.125175710027
0.66	888	44.4222111056	366	0.0828468532909
0.67	991	49.5747873937	231	0.0522885877328
0.68	1077	53.8769384692	142	0.0321427682167
0.69	1174	58.7293646823	104	0.0235411823559
