...Computing accuracy.
2450790 pairs in total
-----------------------------
th_dist	wrong_reject	p_wr	wrong_accept	p_wa
0.3	5	0.10649627263	1573828	64.3404283153
0.31	8	0.170394036209	1498579	61.2641373291
0.32	11	0.234291799787	1421662	58.1196560232
0.33	14	0.298189563365	1342898	54.8996666115
0.34	20	0.425985090522	1263235	51.6429247433
0.35	25	0.532481363152	1182806	48.3548676564
0.36	32	0.681576144835	1101956	45.0495994636
0.37	39	0.830670926518	1021756	41.7709042372
0.38	46	0.9797657082	942491	38.5304332007
0.39	55	1.17145899894	864338	35.3354223773
0.4	69	1.4696485623	788593	32.2388541737
0.41	76	1.61874334398	714980	29.2294452995
0.42	85	1.81043663472	644142	26.3334825508
0.43	97	2.06602768903	576416	23.5647429883
0.44	118	2.51331203408	512431	20.9489410673
0.45	134	2.8541001065	452843	18.5128950429
0.46	156	3.32268370607	396940	16.2274972967
0.47	185	3.94036208733	345161	14.1106948013
0.48	227	4.83493077742	298076	12.1857900041
0.49	284	6.04898828541	255031	10.4260464128
0.5	332	7.07135250266	215994	8.83015581979
0.51	400	8.51970181044	181429	7.41708723496
0.52	466	9.92545260916	150937	6.17052894511
0.53	552	11.7571884984	124320	5.0823864159
0.54	637	13.5676251331	100930	4.12616844399
0.55	724	15.4206602769	81037	3.31291303077
0.56	815	17.3588924388	64583	2.64024905002
0.57	920	19.595314164	50501	2.06455595551
0.58	1070	22.7902023429	39085	1.59785290432
0.59	1213	25.8359957401	29738	1.21573364894
0.6	1361	28.98828541	22285	0.911043929201
0.61	1527	32.5239616613	16408	0.670783432369
0.62	1716	36.5495207668	11890	0.486080875845
0.63	1918	40.851970181	8514	0.348064977035
0.64	2147	45.7294994675	5966	0.243898949141
0.65	2330	49.6272630458	4074	0.166551176467
0.66	2535	53.9936102236	2725	0.111402051024
0.67	2770	58.9989350373	1812	0.0740772537453
0.68	2982	63.5143769968	1174	0.0479948652853
0.69	3205	68.2641107561	745	0.0304567075277
