...Computing accuracy.
443778 pairs in total
-----------------------------
th_dist	wrong_reject	p_wr	wrong_accept	p_wa
0.3	8	0.40020010005	275602	62.3845859581
0.31	8	0.40020010005	261581	59.210827133
0.32	8	0.40020010005	247012	55.9130243855
0.33	12	0.600300150075	232168	52.5529733192
0.34	13	0.650325162581	217104	49.143123598
0.35	14	0.700350175088	202110	45.7491189033
0.36	16	0.8004002001	187131	42.3585095715
0.37	17	0.850425212606	172157	38.9690320273
0.38	21	1.05052526263	157653	35.6859425188
0.39	23	1.15057528764	143386	32.4564997431
0.4	25	1.25062531266	129528	29.3196371942
0.41	28	1.40070035018	116056	26.270148649
0.42	30	1.50075037519	103249	23.3711878564
0.43	33	1.65082541271	91384	20.6854558501
0.44	34	1.70085042521	80259	18.1672284106
0.45	40	2.00100050025	69833	15.8072248794
0.46	53	2.65132566283	60262	13.6407570301
0.47	61	3.05152576288	51641	11.6893288273
0.48	72	3.60180090045	43878	9.93211537896
0.49	89	4.45222611306	36969	8.36821125495
0.5	104	5.20260130065	30847	6.98245050127
0.51	124	6.20310155078	25331	5.73386240632
0.52	145	7.25362681341	20620	4.6674921171
0.53	168	8.40420210105	16636	3.76568374685
0.54	196	9.80490245123	13194	2.98656115388
0.55	228	11.4057028514	10405	2.3552500232
0.56	259	12.9564782391	8010	1.81312375645
0.57	298	14.9074537269	6079	1.37602738021
0.58	344	17.2086043022	4572	1.03490659357
0.59	404	20.2101050525	3409	0.771652794723
0.6	464	23.2116058029	2450	0.554575930499
0.61	519	25.9629814907	1724	0.390240369053
0.62	580	29.0145072536	1170	0.264838301504
0.63	648	32.4162081041	790	0.178822442896
0.64	713	35.667833917	529	0.119743129483
0.65	783	39.1695847924	345	0.0780933453152
0.66	878	43.9219609805	223	0.0504777275516
0.67	963	48.1740870435	137	0.0310109806034
0.68	1060	53.0265132566	85	0.0192403894255
0.69	1169	58.4792396198	56	0.0126760212686
